1375692298
1382189502
1379256324
976258534
1403593062
1359815728
1383997932
1035177947
1470636563
1346573823
1481375714
1449621795
1350570919
1519624832
916750125
1403659733
1347597491
1372337270
1117232721
956751872
1348495147
1420714160
1440160377
1435460654
1372085515
1374067101
1398351394
927808466
1427344037
1153052706
1420792956
1035006885
1368494310
1391947993
1529457800
1386042538
1457513790
1413207239
1375062620
1400570955
1347353096
1035006830
1377414251
1400153369
1369450991
1393137902
1378451171
1366122498
1372242870
1032915726
1371373051
1530085496
1393341269
1360056414
942576121
1380512492
1369502557
1277397831
1311263135
1425116502
1116720359
1372311764
1496994620
1375772783
1420359435
1381057820
1347973607
1369221315
1394005800
1372243120
1414581407
1406720155
1375791394
1388968844
1058955797
931262304
1386222067
1380535211
1380123886
1355895173
1376153348
1439784048
1403700523
1372082403
1353294703
1364099548
1354171681
1488199969
1376284829
1421037933
1384741914
1466581814
1418973658
1228842955
1379495268
1394509580
1419940836
1513150662
1385383872
1355224624
1387976685
1395810679
1087550022
937022118
1372132124
1346525278
1055093824
1071575960
1416895714
1401208012
1410745819
1354024141
1375250551
1010126783
1037890176
1415157414
1466813609
1430891641
1345665247
1033094290
1382335481
1389704344
1075903705
994061011
1381967822
1375692161
1356158516
914589202
1048538449
1447905425
1455092099
1311432932
1356193446
1370872794
1398010597
1374047100
1465304189
1471433090
1026039470
1019138628
1346667032
1372655962
1365319164
1317651492
1432550161
1421918860
1088872413
1363617521
1420451002
966698169
1395471026
1447406234
1449828937
1443357755
1372422176
1372124961
1450235201
1362545321
1349962393
1383481134
1051777972
1379683717
1377162822
1368011701
965218637
987912448
1349245436
1420263514
1348750841
1489996748
1437371883
1356597306
1442745393
1419841664
1453691081
1403683635
1396309473
1457488421
1362491282
1357273289
1363226068
1371259034
1444650624
1353601053
1403020464
1000787634
1374154371
1460457325
1376330911
1372054540
1372126811
972971354
1403838363
1415786317
1212813268
1355959362
1084631851
1372604961
1370178511
1389167403
1355121077
1427940984
1458786971
1415019138
1429002054
1363149640
1529464720
1192358634
1083048002
1504246002
1353324886
1446876416
1089774688
1416925788
1410745982
1347941978
1025744192
1153052814
1415942869
931269027
1374130556
1445217004
1378714003
1087574962
1540280488
1418880742
1395706218
993529433
1215263923
1035007114
1353211764
1417139601
1402044009
1079517901
1359519442
1410231402
1374475592
1047732625
1480908182
1355494262
1403821966
1469179796
1370704428
1118548399
1372941462
1389086215
1085760670
1392888335
1467122058
1453370885
1403712783
1372826744
1348145636
1347871851
1373777944
1362539266
1366894440
1356948352
1403526148
1418824293
1403857818
1466757246
1115307371
1455621588
1395368792
1375834393
1372575072
1135795909
1379751245
1372644990
1453791412
1430707225
1422252854
1506261620
1355147506
1356176865
931256473
1371868266
1367136673
1451266755
1413703364
1417654510
1378702311
991792748
1046627397
1356835286
1385383433
1053314804
1412259871
1409402674
1411483070
1394624109
1367836169
1384072416
1404655034
1487498016
1399257226
1265539003
1392003316
984446829
1377841364
1366906918
1437623038
1385000582
1425813852
1084631875
1016711074
1483014111
1372476563
1048119330
1353131636
1357710744
1364456066
1375690348
1119277923
1503208212
1362665441
1358027599
1369038042
1420281042
1317651460
1469174105
1433440857
1458799002
1356919842
1117843322
1396950785
1369901452
1094833173
1120255256
1348300647
1431336690
1498540505
1347808378
1379423579
1435218687
1393934042
1528763949
1487514193
1346596260
1393258136
1026039870
1401375723
1396580560
1357542234
1030777255
1405055472
1420703488
1435195225
1451228410
1372148469
1403773097
1085750040
1403775276
984151264
1406188422
1019700573
1359625003
1372327062
1375735101
1448591183
1393320980
1387884505
1482132618
1160564111
1385097129
1401139752
993267808
1356321190
1090221536
1472093305
1400548180
1397354167
1035293826
1371796729
993535158
1354203592
1377660545
1069350610
1368154103
1425830308
1457426293
1055273540
1355464488
1375837801
1067954140
1346753212
1370847494
1411356297
1356404410
1067864331
1378915565
1317648704
1371108693
1447222361
1425541406
1450408615
1368614518
1372307385
1072979482
1153125726
1443599779
1475994925
1356833706
1315284232
1382612468
1087549916
1471915171
1441769478
1410482862
1373933164
1415281388
1388833899
1451378378
1374236643
1502164057
1411478073
1381313945
1493945261
1445066404
1355723350
1087383667
1390355609
1421129297
1362143654
1376922406
1372090868
1399899999
1435916191
1418028427
1357706376
1389062661
1360915165
1363969500
1412066256
1364364129
985979204
1117841744
1374286078
1415505677
1403692532
1354114831
1406256265
1372040954
1388554301
1375713605
1527554667
1348494961
1372293496
1375445025
1408013778
1452825914
1369484412
1407037535
1435404282
1354374441
1008682020
1087908966
1451376369
1019199742
1375167169
1358697202
1437655809
1349932461
931595462
1456966812
1435426698
1346681777
1372259348
1387507206
1354585411
1396502881
1472304888
1363824920
1117596695
1405045690
1402383723
1055844654
1401175685
1537234934
1357192554
1363319067
1373953740
1393145402
1316476712
1354636910
997065464
1419574940
1403704798
1367471436
972357464
1202118697
1369392531
1355101168
1218013822
1447662597
1402917193
1368191134
1317649066
1090333764
1310253112
1420382979
1373299616
1347279447
1390530199
1355763402
1395417516
1085144737
1364532920
1428474148
1381290107
1359546724
1358938828
1127751969
1447302624
1417241760
1403666734
1460212657
1415378795
1368669498
1135778534
987598669
1388194902
1420603503
1502098966
1402924747
1374235307
1438671174
1498576492
1470186355
1458695784
1448885001
1068517585
1356055345
1416199574
1033170813
1372135728
1366125207
1056656306
1410165813
1087549237
1378367679
1054648104
1362566536
1051077730
1351213986
1393265278
1401809791
1356921997
1385519276
1351219165
1471592236
1431447709
1285017189
1372252543
1450109396
1084532363
1325236673
1427726252
1382623767
1534596454
1121093174
1384313611
1053960154
1482319235
1357192537
1086867967
1375758553
1355647034
1056656409
1415549910
1446813980
1502360859
1373557092
1435210334
1464142691
1379494967
1055661316
1398668130
1160626833
1433255332
1451363191
1435653539
1387426973
1386766162
1346835249
1052253801
1088144818
1426522154
1055347510
1053692516
1275538409
1422001788
1231919155
1415107271
1120343802
1450227410
1052509942
1373021977
1120631347
1055419757
1456226826
1347161129
1366115974
1350986131
1413869115
1378984094
1373601741
1400148736
1188018823
1376542210
1381026902
1380597542
961358832
1419425541
1103175390
992949414
1353813299
1347529564
1361633402
1350615015
1363223444
1365484932
1414598718
1397156566
1372869604
1347509747
1395033765
1388981045
1288295385
1403410128
1085839140
1168612683
1447049499
1368069518
1415639585
1413520399
1385213016
1387365429
1034268989
1082910966
1360202159
1481007983
1420782926
1513815251
1434516070
1442554867
1371475213
1383628300
1374858333
1359303659
1377652873
1366853898
1386135972
1125792057
1381922539
1374307708
1346379381
1085055797
1024235105
1401898228
1525681150
1385290322
1117440274
1082990013
1097481878
987150283
1387313419
1441764808
1427940767
1495598965
1436927094
1086941740
987588170
1358247471
1465893968
1209988889
1210297455
996474910
1417081744
1086764870
1378786836
1378915544
1399367695
1404276762
1426777781
1334090312
1053247397
1430706863
1179027482
1347942382
1365989783
1347625716
1347546145
1118703904
1053958395
1383918066
1513594972
1385649494
1383040341
1378984364
1451021682
1029536273
1413511914
1370582712
1278039234
1385878987
1357701391
1347545783
1440471823
1078288661
1325232412
1118711485
1085583723
1305428290
1102580176
1420248134
1366333319
1000872448
1311263234
1446186153
1385712058
1393511532
1044922653
1488288617
1163775652
1390707708
1513216031
987676444
1090595045
1052195258
1382076970
1352359420
1379339886
1118703861
1441505951
1383121340
1407478594
1363086661
1056140492
1046053840
1445396897
1102826956
1364809486
1389318341
974810999
1422174298
1424880671
1357448784
1430533948
1311263099
1414137969
1127540253
1079449224
1021700768
1353835841
1026472455
1384862143
1357924665
1395595385
1353041118
1029396978
1357557210
1052316979
1428724714
1082435065
1433430011
1007219523
928163360
1170128306
1383613316
1313535584
1375917914
1284419619
1352565133
1053692505
1051874810
1372586313
1426665160
1409380688
1419853882
1420784818
1028535918
1126800411
1378353773
1412848889
1422669498
1440608474
1483449099
1347589663
1123305265
1199682617
1387441139
1381833216
1422506701
1372590562
1084894729
1379735209
1456613922
1441773151
1070200181
1505178107
1443769930
1072199331
1283547533
1395585894
1397060219
1325232383
1408804856
1368709833
1316477976
1357304007
1439497777
1294704514
1357318279
1353132529
1409387979
1409663259
1384350438
1372586639
1323044559
1086531142
1048099831
1120087427
1379209139
987584828
1157800281
1053272528
1346494928
1095479624
1324797176
1294270313
1067186926
1380083965
1475645429
1085418211
1031677033
1353154907
1376095642
1225693560
1435229055
1407808168
1387265415
1055056597
1392572993
1354070494
1346374033
1415418239
1378777314
1458737221
1397189549
1470752158
1322269490
1386073628
984622068
1355670829
1350063440
1191069023
1378574339
1322179265
1347177622
1317645354
1121219467
1366678390
1117670150
1090242551
1324899812
1084631899
1426522236
1087192164
1370313776
1494905698
1079265573
1359475733
1357900200
1506311097
1085827321
1413440501
1430994512
1085756804
1352351894
1353145098
1037854514
1378080301
1435035744
1125850915
1430722956
1415841164
1353557679
1117604017
1450145529
1462437762
1366954578
1353680560
1421306527
1026352924
1167469490
1206549594
1053943789
1387114439
998972290
1052481148
1127404173
1359389603
1378023976
1357468892
936866777
1421149834
1357549752
1376191795
1366202481
1429188524
1346593204
910869600
1384667215
1054819244
1220546344
1357488361
1348064880
1400717563
1315232053
1056142381
1157679771
1408811597
1316477441
1062001146
1378549985
1382759886
1419776077
1393372186
1117924499
1322530088
1377574674
1068487330
1426558554
1422717220
1371997367
1395028236
1414544052
910867825
1087559186
1026812230
983650795
1410587427
1428542571
987599869
1053683835
1033500679
999672478
1118703893
1034341134
1434088620
1050430786
1082459817
1086797281
1347712417
1357439041
1387062352
1085750294
1365069965
1451070417
1055155000
1384282797
1362665982
1000994361
1378744270
1381549416
1370777509
1349522852
1049346484
1261714381
1381319729
1394087055
1049714857
1117580752
1415549122
1433077093
1515469706
1377085715
1089011700
1353172946
1413124526
986923179
1346820758
991792787
1351918592
999857293
1383629846
1414557237
1284066025
1283548640
1000135852
1420426575
1398528305
1294270640
1359078857
1120432614
1119830344
1051530721
1388492700
1446914708
1380594614
1362456268
1461817853
1355496152
1453096531
1384159150
1125674891
1402559769
1312223818
1371013506
1410503039
1434789026
1402733806
1346774574
1406552990
1378959476
1478513237
1348112955
1048063760
1401963358
1167391792
1346507757
1324460246
1357619986
1354033180
1439467953
1346920707
1372863546
1087914432
1374773497
1511972798
1443067931
1428677666
1406697603
1378615390
1368749750
1357455694
1370911977
1372243669
1399363528
1086781699
1347868864
1049866266
1375696948
942668475
1039362757
1381286408
1364998061
1210186861
1354159482
1435810490
1289925194
1349489684
1450270855
1386558218
1412733587
1049109070
1085125744
1354755815
1274369886
1430706894
1346315581
1365149485
1347430136
1087576470
1357311201
1049186149
1087736690
1353458127
1445571034
1025489573
1386640240
1356258447
1351144056
1357265617
1163558404
1317648281
1419870147
1411209999
1086706584
1220284885
942670762
1430706871
1349772401
900663409
1400557515
1427036711
1120395753
1347421228
1099052062
1470024542
1120519205
1358219137
1346926405
1375156381
1466383063
1387415475
1368369116
1427878557
1051851434
1381729466
1389619847
1444611262
1358146312
1382794398
1366264236
1353127232
1053673648
1357624183
1169702892
1377271338
1426522362
1285016699
1081512653
1026709304
1385970713
929695691
1084639211
1347347490
1379421607
1375337316
1434955329
1039253893
1351067648
1419433497
1382233080
1459922440
1090352236
1378093224
1355283608
1052226059
1357533304
1401905103
1034352946
1352363538
995946541
1317613861
1352365251
1373001865
1383901881
1436834045
1063808604
1166346377
1315232127
1414687785
1242893807
1383107397
1079187471
1357544820
1086326965
1316477494
1085985182
1416224174
1357443697
936773670
1443543821
1402503661
1349843383
1357360757
1163826276
1400677443
1363972104
1365514673
1381830672
1294270383
1418534192
1242485961
1362542168
1369024189
1400850891
1436336470
1451903915
1559649582
1383890760
1397741795
1371477610
1429235860
1009350668
1374716544
1393323637
984321864
1348578457
1431530674
1055869481
1051565109
1427032599
1417497398
1365262317
1317271654
1415592044
1317649154
1054305508
1387774027
1423065639
1317648087
1383392507
1068488810
1400239697
1121093706
1053265255
1157682854
1357204343
1373978936
1396068471
1346923228
1053608891
1398490177
1054143317
1422506578
1310252505
1346898274
1051782710
1354299832
1396185960
975767494
1053692532
1446223141
1402899760
1373100519
1373047095
1364790479
1414745435
1353936067
1034693888
1457083839
1408669867
1498397492
1368546265
1048099625
1375062478
1058885066
1450082982
1495448876
1317645111
1317647846
1375663225
1347327343
1119481901
1421026643
1384618143
1270616322
1395554505
1414685623
1399603052
1397035445
1379493251
1397121384
1431017392
1055925153
1205371505
1364995061
1082618180
1427429610
998624409
1010149277
1393504502
1083144668
1385817961
1397277089
1427470378
1354797879
1323044681
1099877783
1126135969
1504739845
1191220814
1357455397
1098353165
1191036481
1371775069
1409099147
983645052
1366641910
1355563445
996464121
1418467385
1029901693
1120089784
1078235889
1356230044
1025004572
1317649486
1348061520
1348793316
1063361704
1110851541
1379296609
1211292044
1430319750
1053804962
1380866706
1348540709
1357364648
1082720555
1053337934
1384994370
1311263878
852713001
1366106880
1371098069
1378525816
1231943711
1028981208
1385645665
1018760154
1386090739
1388684738
1304275762
1387511445
1376639676
1378913276
1374554402
1084530916
1050582817
1116941602
1418818940
1087192438
1365475918
912412075
1410624840
1158988247
1315232468
999479475
1380529340
1357701535
1461294636
1364377101
1491564001
1537967993
1051850409
1082879903
1149948985
1052376869
1432210612
1037854525
1432970852
1372737543
1423068684
1087206944
1435221865
1357431446
1283547190
1085804182
1358038002
1465980828
1347380951
1472104201
994322743
1375664145
1366095775
1371453998
1087049962
982832809
1082691264
1325315026
1553498728
1473173991
1419781534
1062342999
1416997008
1409787855
1088045878
1317648221
1083297794
1375588063
1380019995
1294270631
1370176609
1082624588
1372645904
1352274206
1070129365
1364008399
1363144504
1357316358
1383180058
1053687001
1426557824
1406378258
1383421390
1369453396
1347695965
1414482991
1381820390
1427773526
985355367
1347884386
1372481460
1120212330
955158719
1316477041
1323144233
1053692543
1346914108
998301799
1083144676
1088066823
1357389838
1413180341
1284417847
1207244097
1079340554
1090404808
1371193055
1365956621
1375263292
1035127566
1053422476
1085642418
1414858072
1315232033
1052668249
1118013373
1383064594
1216659806
1048099753
1377908942
1381551313
1379330284
1379125985
1350372820
1418820846
1368614974
1376618772
1086706570
1366565016
1034422050
1356238950
1357122951
1047563985
1029585350
1400027861
1447406659
1375972172
1052672633
1051764667
1377751404
1437610388
1379319910
1347248026
1390449297
1367076507
1316476275
1399603566
991065975
1294270095
1317647108
1399851650
1372608527
1493044473
1317647323
1364487265
1446967529
1445590129
1081784157
1055505036
1050893974
1089370688
1433151002
1035822594
1125793002
1349798595
1372512049
995453548
1366682909
1117300334
1446426845
1082624548
1376754726
1357345030
1025487436
1492756442
1324198552
1085728935
1353174072
1476446028
1355125841
1316478036
1353813504
1376192168
1315232234
1057246033
1053886014
1439644597
1384857803
1052376810
917787517
1347685133
1286279103
1291954368
1353402734
1347511331
1494597026
1317645402
1356691868
1363497292
1408599071
1051874739
1419996066
1082428247
1365570735
1357723644
1354532737
1362041155
1348461179
1346824905
1311433014
1348220712
1386064510
1000807985
1117844533
1354595579
1350890286
1127569177
1428408380
1205297936
1294270656
1417516558
1353492538
1358237107
1051802727
1384318173
1399367401
1147232241
1210652722
1394986656
1415160310
1346923293
1353137427
1474420575
1356111701
1427085021
1354794740
1053718847
1078321637
983650948
1412558758
1383710758
1372260204
1373597839
1397621120
852713841
1545612043
1349861349
1355125647
1374747819
1083592105
1148145504
1379348574
1372955468
1366255600
1418014147
1324590797
1492062127
1375885683
1120001355
1430709030
1054835021
1011875556
1047790328
1383301307
1408750485
1442916916
1409890143
1451175318
1409890173
1068738670
1068740705
1373595202
1378743124
1357553866
1120114948
1413790336
1384672678
1062248033
1389619904
1383476844
1371012714
1478669388
1364484950
1325231852
1369306266
1351180814
1011321931
1055010505
1356189606
1086856769
1379384218
1073067523
1437451618
1304277229
1313535591
1373598252
1357884769
1085419740
1426559964
1413476826
1408513928
1414922768
1356104728
1413663499
1294704760
1294703949
1292466128
1088171475
1414645466
994036340
1353855264
1389238537
1125850152
1053483494
1050047870
1249214842
1367829904
1433643567
1117676495
1383269425
1355936302
1286220375
1365553717
1126800475
1379257559
1347253257
1136784166
1461292538
1370520101
1324590782
1358464759
1376274568
1406284567
1378829128
1445504451
1356357116
1054602282
991559290
1010029654
1409550706
1088171546
984299363
1384997030
1038322531
1447070537
1135040578
1402626496
1383387289
1357873794
1084539212
1351001192
1384306507
1039911695
1346388823
1378912278
1367641684
1406189634
1431652784
1033200635
1346164756
1206433123
1382338353
1416582804
1355661791
991405839
1368546273
1426592462
983644001
1355156253
1374681649
1352109973
1120255167
1410869117
1384829823
1317648936
1440638351
1350573059
1375842595
1425795276
1010026046
1349410210
1402293102
1049616971
1364198498
1286220030
1346838193
995425425
1374656409
1405511516
1379402433
1349951112
1349856240
1399347896
1082889552
1353573859
1032879475
1125850848
1466428737
1117151087
926467628
1117300060
1094102474
1315757624
936800901
1434069001
1366760712
1163060405
1361530983
1381363731
1350536016
1066647132
1127232015
1386209155
1416369664
1400080642
1442197490
1359457417
1078727322
1417050296
1452645944
1292537322
1468560399
1213751548
1393564420
1414895535
1413174319
1365158007
853043740
1053692498
1346391810
921357840
1369301324
1380422897
1368546294
1055273533
1372386333
1379346884
1088043396
1247973279
1429446909
1382930842
1358848132
1010405362
1353239609
1461206819
1348654355
924953820
1374845337
1347639234
1491968411
1440656596
1351048832
1083048030
1322625209
1404828086
1127746539
1413528980
1051539301
1083139714
1372342957
1378951147
1397720542
1615800197
987049425
1051782843
1052582311
1050430986
1081490668
1110556175
1215102989
1087617243
1055092905
1283548757
1355215116
1033208792
1490240537
1348589399
1377825514
1366587432
1444837719
1386236268
1435021888
1056828046
1372528389
986204587
1030690822
1358770404
1372855070
1036494459
994570002
1366249157
1016808839
1087623394
1117580832
1217144204
1363614731
1118617774
1325261942
1007897606
1065459186
1048008002
1334090651
1157087612
1382087686
1051286203
996240735
1214187858
1197689112
1365606468
1153052658
1070208420
1169745893
1214518502
1087908948
1090496183
1125793793
1302489141
1329868485
1085245599
1209041269
1119284019
1381562224
1254327445
1454977427
1325231079
1115940512
1367850369
1535977288
1184943993
1371347154
993533522
1258216108
1191582197
1127446311
1404012671
1053285449
993432611
1284417331
1464440000
1024077475
1215533602
1051565093
1366986988
1088144701
1116198079
998840306
1215102967
1087532137
1118186122
1007897965
1085661526
1450244492
1223718052
1199683601
1459146028
1355189665
1384684752
926283046
1325232471
1492062167
1376155416
1354717762
1084803179
986206552
1088145274
1210918727
1294270434
1317778481
1156388353
1027093311
979618685
1358148752
1169867326
1466819276
1211193385
1373153299
1277568907
1310253681
1052668383
966653487
1214573494
1143382961
1391084636
984709972
1119310720
1157118582
1118187703
1380528110
1403845460
1426831123
979619817
867058773
976603196
1049866564
1553452214
1316089580
1227373836
1026355517
1356969602
995465582
1125794473
1031585707
1365009520
1365043877
1125683788
1371965175
1242096574
1125726031
1366129414
919953065
1169768141
1449733240
922963252
1084631160
1452568235
1056368001
1363074491
1389949726
1087617230
1353429963
1372470129
1078842234
1396429893
1126135960
1415460426
1091006881
1053042957
1052668476
1214457393
1034233134
1292537313
1372920015
1410098781
1214583407
1358095446
1190982319
1021045315
1125793720
1358904090
1052668162
1329886453
1463419443
974110444
1357452829
1082901550
1118366426
1277397920
1088066621
1211154247
1208566276
1019133350
1202115210
1364229343
1429895390
1127059552
909153055
1056379831
1189253991
1175177985
1387427847
1291859453
1363398239
1085055868
984578217
1177305050
1395551083
1127521329
1214660288
1086707671
1084880909
1208189000
1062125913
1018884373
1475889956
1249218451
1258562871
1214584784
1408632700
1398570435
1157118626
1125766859
1085242480
1421206117
1177297749
1055962503
1103216612
1088013037
993736993
1210523228
1363236485
1085244491
1414992328
1019052735
1364793594
1214530533
1451273612
1283394526
1354764140
1458486174
1428083792
1020660371
1088322757
1396278970
1246112941
1463991795
1122879803
1157673190
1086707275
1202663640
1283546841
1375020608
1131207133
1102165070
1524537584
974507201
1548508947
1201319522
1169383257
931917538
1362498938
1056738269
1082563294
994057330
1329237550
1050590940
1369298363
991887970
1051278674
993801512
1375865543
1316477270
1281460167
1356102530
1325233355
1114102571
1363026601
1211379378
1237563799
1287116693
1107488613
1451375094
1056736107
1251502836
1053227295
994578025
1354716948
1466495781
961560157
975943445
1088300189
1031485654
1115960727
1270310604
1356280679
910966033
1354718554
1120113160
1007897377
1096289392
1202295876
1462858579
1403882654
1348454725
1363344396
1453856661
1401905198
1201262379
1284417318
1051538946
967877798
1087121411
929003850
1368334223
1087617474
1363962513
1283355563
1086707466
1294166030
1018082072
1277395600
1086878125
1214464171
1118115708
1088144738
1071925346
1216050324
1379307987
1120124974
1283616219
1278208923
1325347389
1018923328
1025081433
1142440500
1373986180
1210643780
1249229014
1174716873
1212073838
1008930208
1027212200
1154275232
1349503533
1329322908
1414332368
1415799926
1252425689
1083996303
1078368870
1149684706
1088340712
1024077500
1522047624
1309796625
998835706
1085510938
1370082223
1088180651
1090329449
1125793389
994615212
1387520800
1348603899
1088145082
966660841
1087736539
1072795064
1518496171
1385308785
1090352257
1117062869
1191557607
1029512389
930557940
1091621291
967876665
1087736596
1211335688
1119830968
1190900719
1210748856
1424286206
1117670318
1286220676
1018531065
1085919876
1302638941
1427334005
1157033973
916524971
1190824130
1125935103
1356490164
1019136129
1254372502
952442701
907158723
1026198365
1125681807
1361699442
1499735181
901936504
1404148063
1375718448
1242545803
1215099732
1214802288
1210686859
995985863
1088272876
1386131811
997616610
1486954110
1272772555
1195712142
1030162579
1215190235
1519988604
981976895
1037936825
1147922254
852964984
1492062140
1030280699
1363101892
1197598712
1039606668
966672822
1222002912
1029415513
994439800
1082736805
1404130170
1356338516
1367768760
979619751
1265355062
1055004596
1086707043
1302489452
1125851136
1193626760
1372313284
1209543665
1087838142
1417362768
1325233817
1153125700
1007897835
1164614306
1125792315
1363767723
1302489501
997530260
1419858418
1435676014
924840526
967877135
996240616
1029234620
1406389733
1025771128
1329582014
1125792176
1069236750
998582069
1145289993
1039870940
1302489543
1019134879
1346493965
1368546222
1211641693
1255709796
1093572004
1157383661
1051719032
1148694470
1034737171
1214567165
1083234623
1487846681
1153125746
1151561914
1053718670
1395584621
1082736891
1487861717
1088194988
1050167934
1470982650
998900826
1492062133
1435932401
1151769192
1024077482
912106038
1417748311
1157460385
1388297722
1083147476
1054464337
1354163829
870956203
1201393969
1025770870
1221472752
1214357287
1359520154
1334090576
1191861508
1007897742
1177148606
979618592
1083596284
1410604493
1217147992
1450157311
1369301453
1208190411
893125480
979619898
1348756332
1453396134
1069419711
1210656722
1118515157
1063808675
986729309
1209565199
1119744541
1329868345
1214700372
975045012
1366535458
1023765871
1390397214
1283548872
1141490165
1052499333
1056645838
1372225105
1126135894
1401331614
1170397634
1277436284
1215129562
1052890308
1049943808
1283131440
1317010668
1310119047
1144436263
1052376800
1146837802
1413303018
1378915321
1414635508
1087629741
1389709935
1458275799
967705458
1219636993
1088260507
1055170132
1177217982
1119308647
1025008138
930159628
1389668529
1294078457
973587908
993689626
1393910831
1087049875
1031046473
1086706533
1227110617
1088144951
1088673961
1427528306
1191158644
1118116383
1214584869
1460123569
1246143848
1166164890
1087185050
1052300227
1010485552
1365385871
1085393801
1405995479
1211156745
1246142838
1225457002
929589645
1324389003
967876932
1378775251
1348185943
1359977294
977136921
1214148285
1024077506
1088346499
1259246283
1215168512
1125792263
1247196149
966608467
1501766578
1081395775
1329867751
1308416298
1115867039
1283548667
1121011061
1397029778
1047189686
1156522651
1053430073
1346806061
1214596814
1071838130
1157163468
1169474219
1191020618
1468825798
992239467
928592613
1277309115
1085565904
1088181054
993293471
1212250908
1366361045
1214145500
1357315200
1087009121
1214515086
1056819082
1037430797
1324962929
1130807522
1346408952
1468892994
1136031910
1120190189
1145371549
1214528613
1415683639
1056497063
1088150260
1245595327
1017716002
1382621021
1277569102
1323239352
1446460927
1191601916
1470751890
1362492876
1220802639
1210740955
1010159626
1217148377
1019545814
1082879073
1087107673
1142436885
1062846621
1056734078
1053273314
1396974707
1032285594
1016863427
1214522515
1283548577
1051239302
1023348424
1361701132
1312559676
1137132524
1209606880
1191139250
1415924228
1436063935
1125793432
1308416916
1157381879
1097210120
1020166113
1087009710
1304278712
1191214853
1151507981
1373377467
1470442516
1347154911
1056861596
1333780051
1303510890
1088163530
1215919000
1347105485
1346959673
1083708691
1070201385
1372513509
1427681186
1364551398
1201493218
1426921052
1083688713
1099894308
1125731822
1248228340
1376385324
1090778624
